00001111010000000000000000000000
10010000000000000000000000010011
10111100101110100000000000000000
10110000011110100000000000000001
10110000101110100000000000000000
00001000110000000000000000000011
00100001000001000011000000000000
00000000010010000000000000000000
10111000011110100000000000000001
10110001011110100000000000000001
10110001101110100000000000000001
10110001111110100000000000000000
00100010000011000111000000000000
00000001010100000000000000000000
10111001011110100000000000000001
10110010011110100000000000000001
00000111000100100000000000000000
10001111110000000000000000000000
10001111110000000000000000000000
10110010101110100000000000000000
11000010110000000000000000000000
00000010100101100000000000000000
10111010101110100000000000000000
10110011001110100000000000000000
00000100100110000000000000000000
00001111011110100000000000000001
10011000000000000000000000000010
00011111011110100000000000000001
00000011011110000000000000000000
00000100100110100000000000000000
11001100100000000000000000000000
11011000000000000000000000000000
