00001111010000000000000000000000
10010000000000000000000000000010
00001000010000000000000000000000
00000000010000111101000000000000
10110000100000100000000000000011
00001000110000000000000100000100
00000000100001100000000000000000
00000000010000111101000000000000
10111000100000100000000000000011
00001001000000000000000000000001
00000001000010011101000000000000
10110001010010000000000000000011
00001001100000000000000101001111
00000001010011000000000000000000
00000001000010011101000000000000
10111001010010000000000000000011
00001001110000000000000000000010
00000001110011111101000000000000
10110010000011100000000000000011
00001010010000000000000110000001
00000010000100100000000000000000
00000001110011111101000000000000
10111010000011100000000000000011
00001010100000000000000000000000
00000010100101011101000000000000
10110010110101000000000000000110
00001011000000000000000001100100
00000010110110000000000000000000
00000010100101011101000000000000
10111010110101000000000000000110
00001011010000000000000000000001
00000011010110111101000000000000
10110011100110100000000000000110
00001011110000000000000010000010
00000011100111100000000000000000
00000011010110111101000000000000
10111011100110100000000000000110
00001100000000000000000000000010
00000100001000011101000000000000
10110100011000000000000000000110
00001000010000000000000010100000
00000100010000100000000000000000
00000100001000011101000000000000
10111100011000000000000000000110
00001000100000000000000000000001
10100000100000000000000100000000
10110000111110100000000000001001
11000001000000000000000000000000
00000000110010000000000000000000
10111000111110100000000000001001
10110001011110100000000000001001
00001001100000000000000000000001
10101001010011000000000011101110
00001010000000000000000000000000
00000010000100011101000000000000
10110010010100000000000000000000
11000010100000000000000000000000
00000010010101000000000000000000
00000010000100011101000000000000
10111010010100000000000000000000
00001010110000000000000000000001
00000010110101111101000000000000
10110011000101100000000000000000
11000011010000000000000000000000
00000011000110100000000000000000
00000010110101111101000000000000
10111011000101100000000000000000
00001011100000000000000000000010
00000011100111011101000000000000
10110011110111000000000000000000
11000100000000000000000000000000
00000011111000000000000000000000
00000011100111011101000000000000
10111011110111000000000000000000
10110000101110100000000000000011
10110000111110100000000000000100
10110001001110100000000000000101
10110001011110100000000000000110
10110001101110100000000000000111
10110001111110100000000000001000
10111000100010100000000000000000
10111000110011000000000000000000
10111001000011100000000000000000
00001000100000000000000000000000
00001000110000000000000000000001
00001001000000000000000000000010
10110010010001000000000000000000
10100010010000000000000010111100
10101000100000000000000001011010
00001010000010100000000000000000
10101000100001100000000001011100
00001010000011000000000000000000
10101000100010000000000001011110
00001010000011100000000000000000
10111010000000000000000001000110
11100000000000000000000000000000
10110110100000000000000001000110
10110000011101000000000000000001
10110000101101000000000000000010
10110000111101000000000000000011
10110001001101000000000000000100
10110001011101000000000000000101
10110001101101000000000000000110
10110001111101000000000000000111
10110010001101000000000000001000
10110010011101000000000000001001
10110010101101000000000000001010
10110010111101000000000000001011
10110011001101000000000000001100
10110011011101000000000000001101
10110011101101000000000000001110
10110011111101000000000000001111
10110100001101000000000000010000
10110100011101000000000000010001
10110100101101000000000000010010
10110100111101000000000000010011
10110101001101000000000000010100
10110101011101000000000000010101
10110101101101000000000000010110
10110110111101000000000000010111
10110111001101000000000000011000
10110111011101000000000000011001
10110111101101000000000000011010
10110111111101000000000000011011
11101000000000000000000000000000
10110010100100000000000000000000
11111010100000000000000000000000
11110000000100000000000000000000
11100000000000000000000000000000
10110110100000000000000001000110
10111000011101000000000000000001
10111000101101000000000000000010
10111000111101000000000000000011
10111001001101000000000000000100
10111001011101000000000000000101
10111001101101000000000000000110
10111001111101000000000000000111
10111010001101000000000000001000
10111010011101000000000000001001
10111010101101000000000000001010
10111010111101000000000000001011
10111011001101000000000000001100
10111011011101000000000000001101
10111011101101000000000000001110
10111011111101000000000000001111
10111100001101000000000000010000
10111100011101000000000000010001
10111100101101000000000000010010
10111100111101000000000000010011
10111101001101000000000000010100
10111101011101000000000000010101
10111101101101000000000000010110
10111110111101000000000000010111
10111111001101000000000000011000
10111111011101000000000000011001
10111111101101000000000000011010
10111111111101000000000000011011
11101000000000000000000000000000
00001010110000000000000101001001
00001011000000000000000101111111
00001011010000000000000110110110
10101000100000000000000010100110
10110011100100000000000000000000
01101011110111001011000000000000
10101011110001100000000010110000
10111000000001000000000000000000
10101000100001100000000010101011
10110011100100000000000000000000
01101011110111001100000000000000
10101011110001100000000010110000
10111000000001000000000000000000
10101000100010000000000010110000
10110011100100000000000000000000
01101011110111001101000000000000
10101011110001100000000010110000
10111000000001000000000000000000
10110010111110100000000000000000
10110011001110100000000000000001
10110011011110100000000000000010
01110011100101100000000000000000
01110011110110000000000000000000
01110100000110100000000000000000
00001100010000000000000000000000
00000100011000101110000000000000
00000100011000101111000000000000
00000100011000110000000000000000
00001100100000000000000000000011
10100100011001000000000000101100
10101000100000000000000010111110
00001100010001000000000000000001
10101000100001100000000011000000
00001100010001000000000000000001
10101000100010000000000011000010
00001100010000000000000000000000
00001000101000100000000000000000
10010000000000000000000001010110
11010000000000000000000000000000
11010000000000000000000000000000
11010000000000000000000000000000
11010000000000000000000000000000
11010000000000000000000000000000
11010000000000000000000000000000
11010000000000000000000000000000
11010000000000000000000000000000
11010000000000000000000000000000
11010000000000000000000000000000
11010000000000000000000000000000
11010000000000000000000000000000
11010000000000000000000000000000
11010000000000000000000000000000
11010000000000000000000000000000
11010000000000000000000000000000
11010000000000000000000000000000
11010000000000000000000000000000
11010000000000000000000000000000
11010000000000000000000000000000
11010000000000000000000000000000
11010000000000000000000000000000
11010000000000000000000000000000
11010000000000000000000000000000
11010000000000000000000000000000
11010000000000000000000000000000
11010000000000000000000000000000
11010000000000000000000000000000
11010000000000000000000000000000
11010000000000000000000000000000
11010000000000000000000000000000
11010000000000000000000000000000
11010000000000000000000000000000
11010000000000000000000000000000
11010000000000000000000000000000
11010000000000000000000000000000
11010000000000000000000000000000
11010000000000000000000000000000
11010000000000000000000000000000
11010000000000000000000000000000
11010000000000000000000000000000
11010000000000000000000000000000
10110011101110100000000000001001
00001011110000000000000000000010
10101011100111100000000011111111
10110100011110100000000000001011
11000000010000000000000000000000
00000100010000100000000000000000
10111100011110100000000000001011
10110000101110100000000000001011
00000100100001000000000000000000
11001100100000000000000000000000
10110001001110100000000000001011
00000001000010011101000000000000
10110001010010000000000000000000
00001001100000000000000000000010
00000001010011000000000000000000
00000001000010011101000000000000
10111001010010000000000000000000
10010000000000000000000000101100
11011000000000000000000000000000
11011000000000000000000000000000
00000000000000000000000000000000
00000000000000000000000000000000
00001111010000000000000011001000
10010000000000000000000100111101
10111100101110100000000000000000
10110000011110100000000000000001
00001000100000000000000000000000
00000000010001000000000000000000
10111000011110100000000000000001
10110000111110100000000000000010
00001001000000000000000000000001
00000000110010000000000000000000
10111000111110100000000000000010
10110001011110100000000000000100
00001001100000000000000000000001
00000001010011000000000000000000
10111001011110100000000000000100
10110001111110100000000000000000
00001010000000000000000000000000
10101001110100000000000100011010
10110010101110100000000000000001
00000111000101000000000000000000
10001111110000000000000000000000
10010000000000000000000100111100
10110010111110100000000000000011
10110011001110100000000000000001
10110011011110100000000000000010
00000011100110001101000000000000
00000010110111000000000000000000
10111010111110100000000000000011
10110011111110100000000000000100
10110100001110100000000000000000
01010100010111110000000000000000
10100100010000000000000100111001
10110000011110100000000000000001
10110000101110100000000000000010
00000000010001000000000000000000
10111000011110100000000000000001
10110000111110100000000000000010
10110001001110100000000000000011
00000000110010000000000000000000
10111000111110100000000000000010
10110001011110100000000000000011
10110001101110100000000000000001
10110001111110100000000000000010
00000010000011000111000000000000
00000001010100000000000000000000
10111001011110100000000000000011
10110010011110100000000000000100
10110010101110100000000000000100
00001010110000000000000000000001
00000011000101001011000000000000
00000010010110000000000000000000
10111010011110100000000000000100
10010000000000000000000100100000
10110011011110100000000000000011
00000111000110100000000000000000
10001111110000000000000000000000
10001111110000000000000000000000
10110011101110100000000000000000
11000011110000000000000000000000
00000011100111100000000000000000
10111011101110100000000000000000
10110100001110100000000000000000
00000100101000000000000000000000
00001111011110100000000000000001
10011000000000000000000100000110
00011111011110100000000000000001
00000100011110000000000000000000
00000100101000100000000000000000
11001100100000000000000000000000
11011000000000000000000000000000
00000000000000000000000000000000
00000000000000000000000000000000
00000000000000000000000000000000
00000000000000000000000000000000
00000000000000000000000000000000
00001111010000000000000100101100
10010000000000000000000101101101
10111100101110100000000000000000
10111100111110100000000000000001
10110000011110100000000000000001
00001000100000000000000000000000
10101000010001000000000101011010
10110001001110100000000000000000
00000111000010000000000000000000
10001111110000000000000000000000
10010000000000000000000101101100
10110001011110100000000000000001
00000100100010100000000000000000
10110001101110100000000000000000
10110001111110100000000000000000
10110010001110100000000000000001
00101010010011101000000000000000
10110010101110100000000000000001
00100010110100101010000000000000
00010011000011001011000000000000
00000100110110000000000000000000
10111111111110100000000000000010
00001111011110100000000000000011
10011000000000000000000101010001
00011111011110100000000000000011
10110111111110100000000000000010
00000011011110000000000000000000
00000111000110100000000000000000
10001111110000000000000000000000
10001111110000000000000000000000
10110011101110100000000000000000
11000011110000000000000000000000
00000011100111100000000000000000
10111011101110100000000000000000
10110100001110100000000000000001
11000100010000000000000000000000
00000100001000100000000000000000
10111100001110100000000000000001
10110000011110100000000000000000
00000100100000100000000000000000
10110000101110100000000000000001
00000100110001000000000000000000
00001111011110100000000000000010
10011000000000000000000101010001
00011111011110100000000000000010
00000000111110000000000000000000
00000100100001100000000000000000
11001100100000000000000000000000
11011000000000000000000000000000
00000000000000000000000000000000
00001111010000000000000110100100
10010000000000000000000110101010
10111100101110100000000000000000
10110000011110100000000000000001
00001000100000000000000000000001
00000000010001000000000000000000
10111000011110100000000000000001
10110000111110100000000000000000
00001001000000000000000000000000
10101000110010000000000110001110
00001001100000000000000000000001
00000111000011000000000000000000
10001111110000000000000000000000
10110001111110100000000000000000
00001010000000000000000000000001
10101001110100000000000110010101
00001010100000000000000000000001
00000111000101000000000000000000
10001111110000000000000000000000
10010000000000000000000110101001
10110010111110100000000000000000
00001011000000000000000000000001
01100011010101101100000000000000
10100011010000000000000110100110
10110011101110100000000000000001
10110011111110100000000000000001
10110100001110100000000000000000
00100100010111110000000000000000
00000011101000100000000000000000
10111011101110100000000000000001
10110000011110100000000000000000
10110000101110100000000000000000
00001000110000000000000000000001
00010001000001000011000000000000
00000000010010000000000000000000
10111000011110100000000000000000
10010000000000000000000110010101
10110001011110100000000000000001
00000111000010100000000000000000
10001111110000000000000000000000
10001111110000000000000000000000
10110001101110100000000000000000
11000001110000000000000000000000
00000001100011100000000000000000
10111001101110100000000000000000
10110010001110100000000000000000
00000100100100000000000000000000
00001111011110100000000000000001
10011000000000000000000110000011
00011111011110100000000000000001
00000010011110000000000000000000
00000100100100100000000000000000
11001100100000000000000000000000
11011000000000000000000000000000
